
  SET WINDOW Y 2.5 TO 7.
  SET WINDOW X 2.5 TO 10.
  SET SYMBOL 5O SIZE 1.8
  TITLE TOP "Errors: W rapidity                                "
  TITLE BOTTOM "                                                 x"
  TITLE LEFT "                                                 y"
  SET SCALE Y   lin
  (SET TICKS TOP OFF)   
  SET LIMITS X   -6.00000    6.00000
  SET ORDER X Y DY 
   PLOT
 SET COLOR RED
    -4.30000        4443.92        0.00000    
    -3.70000        32354.8        0.00000    
    -3.50000        176395.        0.00000    
    -3.30000       0.103665E+07    0.00000    
    -3.10000        291940.        0.00000    
    -2.70000       0.283178E+07    0.00000    
    -2.50000        571286.        0.00000    
    -2.30000       0.132546E+07    0.00000    
    -2.10000        272014.        0.00000    
    -1.90000        134129.        0.00000    
    -1.70000        544266.        0.00000    
    -1.50000        403338.        0.00000    
    -1.30000        551626.        0.00000    
    -1.10000        202085.        0.00000    
   -0.900000        758828.        0.00000    
   -0.700000        332045.        0.00000    
   -0.500000        657933.        0.00000    
   -0.300000       0.383831E+07    0.00000    
    0.100000       0.115742E+07    0.00000    
    0.300000       0.134017E+07    0.00000    
     1.10000        584222.        0.00000    
     1.50000        527893.        0.00000    
     1.70000       0.526321E+07    0.00000    
     1.90000       0.139047E+07    0.00000    
     2.10000        929578.        0.00000    
     2.30000       0.221811E+07    0.00000    
     2.50000        135981.        0.00000    
     2.70000        252527.        0.00000    
     3.10000        793266.        0.00000    
     3.30000        584642.        0.00000    
     3.70000        166170.        0.00000    
     3.90000        15558.8        0.00000    
     4.10000       0.138188E+07    0.00000    
     4.50000        5287.47        0.00000    
   PLOT
  SET ORDER X Y DY
 SET COLOR BLUE
    -4.30000       -11609.5        0.00000    
    -3.70000       -84220.3        0.00000    
    -3.50000       -456097.        0.00000    
    -3.30000      -0.267893E+07    0.00000    
    -3.10000       -754224.        0.00000    
    -2.70000      -0.731527E+07    0.00000    
    -2.50000      -0.147583E+07    0.00000    
    -2.30000      -0.342567E+07    0.00000    
    -2.10000       -702863.        0.00000    
    -1.90000       -346603.        0.00000    
    -1.70000      -0.140636E+07    0.00000    
    -1.50000      -0.104314E+07    0.00000    
    -1.30000      -0.142606E+07    0.00000    
    -1.10000       -522430.        0.00000    
   -0.900000      -0.196212E+07    0.00000    
   -0.700000       -858634.        0.00000    
   -0.500000      -0.170163E+07    0.00000    
   -0.300000      -0.992810E+07    0.00000    
    0.100000      -0.299378E+07    0.00000    
    0.300000      -0.346640E+07    0.00000    
     1.10000      -0.151049E+07    0.00000    
     1.50000      -0.136464E+07    0.00000    
     1.70000      -0.136035E+08    0.00000    
     1.90000      -0.359221E+07    0.00000    
     2.10000      -0.240135E+07    0.00000    
     2.30000      -0.573243E+07    0.00000    
     2.50000       -351309.        0.00000    
     2.70000       -652284.        0.00000    
     3.10000      -0.204949E+07    0.00000    
     3.30000      -0.151091E+07    0.00000    
     3.70000       -429647.        0.00000    
     3.90000       -40255.0        0.00000    
     4.10000      -0.358203E+07    0.00000    
     4.50000       -13900.6        0.00000    
   PLOT
  SET ORDER X Y DY
    -4.30000        4443.92        0.00000    
    -3.70000        32354.8        0.00000    
    -3.50000        176395.        0.00000    
    -3.30000       0.103665E+07    0.00000    
    -3.10000        291940.        0.00000    
    -2.70000       0.283178E+07    0.00000    
    -2.50000        571286.        0.00000    
    -2.30000       0.132546E+07    0.00000    
    -2.10000        272014.        0.00000    
    -1.90000        134129.        0.00000    
    -1.70000        544266.        0.00000    
    -1.50000        403338.        0.00000    
    -1.30000        551626.        0.00000    
    -1.10000        202085.        0.00000    
   -0.900000        758828.        0.00000    
   -0.700000        332045.        0.00000    
   -0.500000        657933.        0.00000    
   -0.300000       0.383831E+07    0.00000    
    0.100000       0.115742E+07    0.00000    
    0.300000       0.134017E+07    0.00000    
     1.10000        584222.        0.00000    
     1.50000        527893.        0.00000    
     1.70000       0.526321E+07    0.00000    
     1.90000       0.139047E+07    0.00000    
     2.10000        929578.        0.00000    
     2.30000       0.221811E+07    0.00000    
     2.50000        135981.        0.00000    
     2.70000        252527.        0.00000    
     3.10000        793266.        0.00000    
     3.30000        584642.        0.00000    
     3.70000        166170.        0.00000    
     3.90000        15558.8        0.00000    
     4.10000       0.138188E+07    0.00000    
     4.50000        5287.47        0.00000    
   PLOT
 SET COLOR WHITE

  BOX 7. 0.75 SIZE 9. 1.5
  SET WINDOW Y 0. TO 2.
  SET TITLE SIZE -1.5
  TITLE 2.8 1.2 "INTGRL = 0.61423E+07   AVGE = 0.30850E+00   RMS = 0.00000E+00"
  TITLE 2.8 0.8 "Entries =       96  U`flow =        0  O`flow =        0"
  SET TITLE SIZE -2
   NEW PLOT

  SET WINDOW Y 2.5 TO 7.
  SET WINDOW X 2.5 TO 10.
  SET SYMBOL 5O SIZE 1.8
  TITLE TOP "Errors: W rapidity                                "
  TITLE BOTTOM "                                                 x"
  TITLE LEFT "                                                 y"
  SET SCALE Y   lin
  (SET TICKS TOP OFF)   
  SET LIMITS X   -6.00000    6.00000
  SET ORDER X Y DY 
   PLOT
 SET COLOR RED
    -4.30000        4443.92        0.00000    
    -3.90000        7521.07        0.00000    
    -3.70000        32354.8        0.00000    
    -3.50000        176395.        0.00000    
    -3.30000       0.220259E+07    0.00000    
    -3.10000        607465.        0.00000    
    -2.90000        191309.        0.00000    
    -2.70000       0.420832E+07    0.00000    
    -2.50000       0.202170E+07    0.00000    
    -2.30000       0.169910E+07    0.00000    
    -2.10000       0.115097E+07    0.00000    
    -1.90000       0.187584E+07    0.00000    
    -1.70000       0.148286E+07    0.00000    
    -1.50000       0.513445E+07    0.00000    
    -1.30000        971150.        0.00000    
    -1.10000        355652.        0.00000    
   -0.900000        758828.        0.00000    
   -0.700000        430894.        0.00000    
   -0.500000       0.208352E+07    0.00000    
   -0.300000       0.540026E+07    0.00000    
   -0.100000       0.359281E+07    0.00000    
    0.100000       0.133949E+07    0.00000    
    0.300000       0.149213E+07    0.00000    
    0.900000       0.273650E+07    0.00000    
     1.10000        584222.        0.00000    
     1.30000        648978.        0.00000    
     1.50000       0.164755E+07    0.00000    
     1.70000       0.636864E+07    0.00000    
     1.90000       0.230541E+07    0.00000    
     2.10000        953391.        0.00000    
     2.30000       0.271413E+07    0.00000    
     2.50000        386513.        0.00000    
     2.70000        252527.        0.00000    
     2.90000        840731.        0.00000    
     3.10000       0.106908E+07    0.00000    
     3.30000        800378.        0.00000    
     3.50000        704373.        0.00000    
     3.70000        603874.        0.00000    
     3.90000        15558.8        0.00000    
     4.10000       0.149632E+07    0.00000    
     4.30000        1392.47        0.00000    
     4.50000        5310.36        0.00000    
   PLOT
  SET ORDER X Y DY
 SET COLOR BLUE
    -4.30000       -11609.5        0.00000    
    -3.90000       -19600.4        0.00000    
    -3.70000       -84220.3        0.00000    
    -3.50000       -456097.        0.00000    
    -3.30000      -0.569208E+07    0.00000    
    -3.10000      -0.156941E+07    0.00000    
    -2.90000       -495201.        0.00000    
    -2.70000      -0.108715E+08    0.00000    
    -2.50000      -0.522168E+07    0.00000    
    -2.30000      -0.439129E+07    0.00000    
    -2.10000      -0.297357E+07    0.00000    
    -1.90000      -0.484910E+07    0.00000    
    -1.70000      -0.383201E+07    0.00000    
    -1.50000      -0.132740E+08    0.00000    
    -1.30000      -0.251033E+07    0.00000    
    -1.10000       -919459.        0.00000    
   -0.900000      -0.196212E+07    0.00000    
   -0.700000      -0.111427E+07    0.00000    
   -0.500000      -0.538893E+07    0.00000    
   -0.300000      -0.139680E+08    0.00000    
   -0.100000      -0.929307E+07    0.00000    
    0.100000      -0.346471E+07    0.00000    
    0.300000      -0.385943E+07    0.00000    
    0.900000      -0.707774E+07    0.00000    
     1.10000      -0.151049E+07    0.00000    
     1.30000      -0.167796E+07    0.00000    
     1.50000      -0.425894E+07    0.00000    
     1.70000      -0.164601E+08    0.00000    
     1.90000      -0.595582E+07    0.00000    
     2.10000      -0.246285E+07    0.00000    
     2.30000      -0.701375E+07    0.00000    
     2.50000       -998437.        0.00000    
     2.70000       -652284.        0.00000    
     2.90000      -0.217296E+07    0.00000    
     3.10000      -0.276209E+07    0.00000    
     3.30000      -0.206856E+07    0.00000    
     3.50000      -0.182134E+07    0.00000    
     3.70000      -0.156177E+07    0.00000    
     3.90000       -40255.0        0.00000    
     4.10000      -0.387833E+07    0.00000    
     4.30000       -3621.00        0.00000    
     4.50000       -13961.5        0.00000    
   PLOT
  SET ORDER X Y DY
    -4.30000        4443.92        0.00000    
    -3.90000        7521.07        0.00000    
    -3.70000        32354.8        0.00000    
    -3.50000        176395.        0.00000    
    -3.30000       0.220259E+07    0.00000    
    -3.10000        607465.        0.00000    
    -2.90000        191309.        0.00000    
    -2.70000       0.420832E+07    0.00000    
    -2.50000       0.202170E+07    0.00000    
    -2.30000       0.169910E+07    0.00000    
    -2.10000       0.115097E+07    0.00000    
    -1.90000       0.187584E+07    0.00000    
    -1.70000       0.148286E+07    0.00000    
    -1.50000       0.513445E+07    0.00000    
    -1.30000        971150.        0.00000    
    -1.10000        355652.        0.00000    
   -0.900000        758828.        0.00000    
   -0.700000        430894.        0.00000    
   -0.500000       0.208352E+07    0.00000    
   -0.300000       0.540026E+07    0.00000    
   -0.100000       0.359281E+07    0.00000    
    0.100000       0.133949E+07    0.00000    
    0.300000       0.149213E+07    0.00000    
    0.900000       0.273650E+07    0.00000    
     1.10000        584222.        0.00000    
     1.30000        648978.        0.00000    
     1.50000       0.164755E+07    0.00000    
     1.70000       0.636864E+07    0.00000    
     1.90000       0.230541E+07    0.00000    
     2.10000        953391.        0.00000    
     2.30000       0.271413E+07    0.00000    
     2.50000        386513.        0.00000    
     2.70000        252527.        0.00000    
     2.90000        840731.        0.00000    
     3.10000       0.106908E+07    0.00000    
     3.30000        800378.        0.00000    
     3.50000        704373.        0.00000    
     3.70000        603874.        0.00000    
     3.90000        15558.8        0.00000    
     4.10000       0.149632E+07    0.00000    
     4.30000        1392.47        0.00000    
     4.50000        5310.36        0.00000    
   PLOT
 SET COLOR WHITE

  BOX 7. 0.75 SIZE 9. 1.5
  SET WINDOW Y 0. TO 2.
  SET TITLE SIZE -1.5
  TITLE 2.8 1.2 "INTGRL = 0.12271E+08   AVGE =-0.20526E-01   RMS = 0.00000E+00"
  TITLE 2.8 0.8 "Entries =      192  U`flow =        0  O`flow =        0"
  SET TITLE SIZE -2
   NEW PLOT

  SET WINDOW Y 2.5 TO 7.
  SET WINDOW X 2.5 TO 10.
  SET SYMBOL 5O SIZE 1.8
  TITLE TOP "Errors: W rapidity                                "
  TITLE BOTTOM "                                                 x"
  TITLE LEFT "                                                 y"
  SET SCALE Y   lin
  (SET TICKS TOP OFF)   
  SET LIMITS X   -6.00000    6.00000
  SET ORDER X Y DY 
   PLOT
 SET COLOR RED
    -4.30000        4443.92        0.00000    
    -3.90000        7521.07        0.00000    
    -3.70000        32354.8        0.00000    
    -3.50000        176395.        0.00000    
    -3.30000       0.242602E+07    0.00000    
    -3.10000        713460.        0.00000    
    -2.90000        191309.        0.00000    
    -2.70000       0.433451E+07    0.00000    
    -2.50000       0.227761E+07    0.00000    
    -2.30000       0.203039E+07    0.00000    
    -2.10000       0.143834E+07    0.00000    
    -1.90000       0.310757E+07    0.00000    
    -1.70000       0.209045E+07    0.00000    
    -1.50000       0.549850E+07    0.00000    
    -1.30000       0.147612E+07    0.00000    
    -1.10000       0.209130E+07    0.00000    
   -0.900000        758828.        0.00000    
   -0.700000       0.207489E+07    0.00000    
   -0.500000       0.306713E+07    0.00000    
   -0.300000       0.635878E+07    0.00000    
   -0.100000       0.401756E+07    0.00000    
    0.100000       0.171338E+07    0.00000    
    0.300000       0.176671E+07    0.00000    
    0.500000       0.180183E+07    0.00000    
    0.700000       0.491302E+07    0.00000    
    0.900000       0.321395E+07    0.00000    
     1.10000        706329.        0.00000    
     1.30000       0.172616E+07    0.00000    
     1.50000       0.164755E+07    0.00000    
     1.70000       0.700146E+07    0.00000    
     1.90000       0.278979E+07    0.00000    
     2.10000       0.276006E+07    0.00000    
     2.30000       0.344018E+07    0.00000    
     2.50000        386513.        0.00000    
     2.70000        637601.        0.00000    
     2.90000        916479.        0.00000    
     3.10000       0.223032E+07    0.00000    
     3.30000       0.468974E+07    0.00000    
     3.50000        704373.        0.00000    
     3.70000        603874.        0.00000    
     3.90000        127901.        0.00000    
     4.10000       0.149632E+07    0.00000    
     4.30000        1392.47        0.00000    
     4.50000        5871.62        0.00000    
   PLOT
  SET ORDER X Y DY
 SET COLOR BLUE
    -4.30000       -11609.5        0.00000    
    -3.90000       -19600.4        0.00000    
    -3.70000       -84220.3        0.00000    
    -3.50000       -456097.        0.00000    
    -3.30000      -0.626925E+07    0.00000    
    -3.10000      -0.184329E+07    0.00000    
    -2.90000       -495201.        0.00000    
    -2.70000      -0.111967E+08    0.00000    
    -2.50000      -0.588285E+07    0.00000    
    -2.30000      -0.524865E+07    0.00000    
    -2.10000      -0.371622E+07    0.00000    
    -1.90000      -0.803005E+07    0.00000    
    -1.70000      -0.540192E+07    0.00000    
    -1.50000      -0.142146E+08    0.00000    
    -1.30000      -0.381554E+07    0.00000    
    -1.10000      -0.540697E+07    0.00000    
   -0.900000      -0.196212E+07    0.00000    
   -0.700000      -0.536547E+07    0.00000    
   -0.500000      -0.793256E+07    0.00000    
   -0.300000      -0.164472E+08    0.00000    
   -0.100000      -0.103917E+08    0.00000    
    0.100000      -0.443183E+07    0.00000    
    0.300000      -0.456964E+07    0.00000    
    0.500000      -0.466016E+07    0.00000    
    0.700000      -0.127087E+08    0.00000    
    0.900000      -0.831196E+07    0.00000    
     1.10000      -0.182605E+07    0.00000    
     1.30000      -0.446235E+07    0.00000    
     1.50000      -0.425894E+07    0.00000    
     1.70000      -0.180953E+08    0.00000    
     1.90000      -0.720713E+07    0.00000    
     2.10000      -0.713171E+07    0.00000    
     2.30000      -0.888780E+07    0.00000    
     2.50000       -998437.        0.00000    
     2.70000      -0.164704E+07    0.00000    
     2.90000      -0.236814E+07    0.00000    
     3.10000      -0.576284E+07    0.00000    
     3.30000      -0.121244E+08    0.00000    
     3.50000      -0.182134E+07    0.00000    
     3.70000      -0.156177E+07    0.00000    
     3.90000       -331070.        0.00000    
     4.10000      -0.387833E+07    0.00000    
     4.30000       -3621.00        0.00000    
     4.50000       -15445.9        0.00000    
   PLOT
  SET ORDER X Y DY
    -4.30000        4443.92        0.00000    
    -3.90000        7521.07        0.00000    
    -3.70000        32354.8        0.00000    
    -3.50000        176395.        0.00000    
    -3.30000       0.242602E+07    0.00000    
    -3.10000        713460.        0.00000    
    -2.90000        191309.        0.00000    
    -2.70000       0.433451E+07    0.00000    
    -2.50000       0.227761E+07    0.00000    
    -2.30000       0.203039E+07    0.00000    
    -2.10000       0.143834E+07    0.00000    
    -1.90000       0.310757E+07    0.00000    
    -1.70000       0.209045E+07    0.00000    
    -1.50000       0.549850E+07    0.00000    
    -1.30000       0.147612E+07    0.00000    
    -1.10000       0.209130E+07    0.00000    
   -0.900000        758828.        0.00000    
   -0.700000       0.207489E+07    0.00000    
   -0.500000       0.306713E+07    0.00000    
   -0.300000       0.635878E+07    0.00000    
   -0.100000       0.401756E+07    0.00000    
    0.100000       0.171338E+07    0.00000    
    0.300000       0.176671E+07    0.00000    
    0.500000       0.180183E+07    0.00000    
    0.700000       0.491302E+07    0.00000    
    0.900000       0.321395E+07    0.00000    
     1.10000        706329.        0.00000    
     1.30000       0.172616E+07    0.00000    
     1.50000       0.164755E+07    0.00000    
     1.70000       0.700146E+07    0.00000    
     1.90000       0.278979E+07    0.00000    
     2.10000       0.276006E+07    0.00000    
     2.30000       0.344018E+07    0.00000    
     2.50000        386513.        0.00000    
     2.70000        637601.        0.00000    
     2.90000        916479.        0.00000    
     3.10000       0.223032E+07    0.00000    
     3.30000       0.468974E+07    0.00000    
     3.50000        704373.        0.00000    
     3.70000        603874.        0.00000    
     3.90000        127901.        0.00000    
     4.10000       0.149632E+07    0.00000    
     4.30000        1392.47        0.00000    
     4.50000        5871.62        0.00000    
   PLOT
 SET COLOR WHITE

  BOX 7. 0.75 SIZE 9. 1.5
  SET WINDOW Y 0. TO 2.
  SET TITLE SIZE -1.5
  TITLE 2.8 1.2 "INTGRL = 0.17891E+08   AVGE = 0.21117E+00   RMS = 0.00000E+00"
  TITLE 2.8 0.8 "Entries =      288  U`flow =        0  O`flow =        0"
  SET TITLE SIZE -2
   NEW PLOT

  SET WINDOW Y 2.5 TO 7.
  SET WINDOW X 2.5 TO 10.
  SET SYMBOL 5O SIZE 1.8
  TITLE TOP "Errors: W rapidity                                "
  TITLE BOTTOM "                                                 x"
  TITLE LEFT "                                                 y"
  SET SCALE Y   lin
  (SET TICKS TOP OFF)   
  SET LIMITS X   -6.00000    6.00000
  SET ORDER X Y DY 
   PLOT
 SET COLOR RED
    -4.30000        4443.92        0.00000    
    -3.90000        7521.07        0.00000    
    -3.70000        32354.8        0.00000    
    -3.50000        176395.        0.00000    
    -3.30000       0.242602E+07    0.00000    
    -3.10000        963422.        0.00000    
    -2.90000        397490.        0.00000    
    -2.70000       0.439099E+07    0.00000    
    -2.50000       0.309517E+07    0.00000    
    -2.30000       0.353197E+07    0.00000    
    -2.10000       0.183446E+07    0.00000    
    -1.90000       0.317665E+07    0.00000    
    -1.70000       0.290169E+07    0.00000    
    -1.50000       0.624207E+07    0.00000    
    -1.30000       0.331385E+07    0.00000    
    -1.10000       0.212872E+07    0.00000    
   -0.900000       0.139888E+07    0.00000    
   -0.700000       0.422483E+07    0.00000    
   -0.500000       0.329106E+07    0.00000    
   -0.300000       0.670823E+07    0.00000    
   -0.100000       0.442203E+07    0.00000    
    0.100000       0.196983E+07    0.00000    
    0.300000       0.222469E+07    0.00000    
    0.500000       0.209146E+07    0.00000    
    0.700000       0.579992E+07    0.00000    
    0.900000       0.442834E+07    0.00000    
     1.10000        706329.        0.00000    
     1.30000       0.223433E+07    0.00000    
     1.50000       0.170586E+07    0.00000    
     1.70000       0.700146E+07    0.00000    
     1.90000       0.342147E+07    0.00000    
     2.10000       0.356486E+07    0.00000    
     2.30000       0.364205E+07    0.00000    
     2.50000       0.147650E+07    0.00000    
     2.70000        680504.        0.00000    
     2.90000        916479.        0.00000    
     3.10000       0.290544E+07    0.00000    
     3.30000       0.489584E+07    0.00000    
     3.50000        812090.        0.00000    
     3.70000        603874.        0.00000    
     3.90000        127901.        0.00000    
     4.10000       0.155584E+07    0.00000    
     4.30000        1392.47        0.00000    
     4.50000        5875.11        0.00000    
   PLOT
  SET ORDER X Y DY
 SET COLOR BLUE
    -4.30000       -11609.5        0.00000    
    -3.90000       -19600.4        0.00000    
    -3.70000       -84220.3        0.00000    
    -3.50000       -456097.        0.00000    
    -3.30000      -0.626925E+07    0.00000    
    -3.10000      -0.248906E+07    0.00000    
    -2.90000      -0.102747E+07    0.00000    
    -2.70000      -0.113427E+08    0.00000    
    -2.50000      -0.799475E+07    0.00000    
    -2.30000      -0.912405E+07    0.00000    
    -2.10000      -0.474000E+07    0.00000    
    -1.90000      -0.820863E+07    0.00000    
    -1.70000      -0.749792E+07    0.00000    
    -1.50000      -0.161362E+08    0.00000    
    -1.30000      -0.856723E+07    0.00000    
    -1.10000      -0.550371E+07    0.00000    
   -0.900000      -0.361739E+07    0.00000    
   -0.700000      -0.109249E+08    0.00000    
   -0.500000      -0.851170E+07    0.00000    
   -0.300000      -0.173510E+08    0.00000    
   -0.100000      -0.114379E+08    0.00000    
    0.100000      -0.509516E+07    0.00000    
    0.300000      -0.575417E+07    0.00000    
    0.500000      -0.540925E+07    0.00000    
    0.700000      -0.150017E+08    0.00000    
    0.900000      -0.114510E+08    0.00000    
     1.10000      -0.182605E+07    0.00000    
     1.30000      -0.577609E+07    0.00000    
     1.50000      -0.440964E+07    0.00000    
     1.70000      -0.180953E+08    0.00000    
     1.90000      -0.883898E+07    0.00000    
     2.10000      -0.920967E+07    0.00000    
     2.30000      -0.940870E+07    0.00000    
     2.50000      -0.381510E+07    0.00000    
     2.70000      -0.175791E+07    0.00000    
     2.90000      -0.236814E+07    0.00000    
     3.10000      -0.750715E+07    0.00000    
     3.30000      -0.126571E+08    0.00000    
     3.50000      -0.209965E+07    0.00000    
     3.70000      -0.156177E+07    0.00000    
     3.90000       -331070.        0.00000    
     4.10000      -0.403261E+07    0.00000    
     4.30000       -3621.00        0.00000    
     4.50000       -15455.0        0.00000    
   PLOT
  SET ORDER X Y DY
    -4.30000        4443.92        0.00000    
    -3.90000        7521.07        0.00000    
    -3.70000        32354.8        0.00000    
    -3.50000        176395.        0.00000    
    -3.30000       0.242602E+07    0.00000    
    -3.10000        963422.        0.00000    
    -2.90000        397490.        0.00000    
    -2.70000       0.439099E+07    0.00000    
    -2.50000       0.309517E+07    0.00000    
    -2.30000       0.353197E+07    0.00000    
    -2.10000       0.183446E+07    0.00000    
    -1.90000       0.317665E+07    0.00000    
    -1.70000       0.290169E+07    0.00000    
    -1.50000       0.624207E+07    0.00000    
    -1.30000       0.331385E+07    0.00000    
    -1.10000       0.212872E+07    0.00000    
   -0.900000       0.139888E+07    0.00000    
   -0.700000       0.422483E+07    0.00000    
   -0.500000       0.329106E+07    0.00000    
   -0.300000       0.670823E+07    0.00000    
   -0.100000       0.442203E+07    0.00000    
    0.100000       0.196983E+07    0.00000    
    0.300000       0.222469E+07    0.00000    
    0.500000       0.209146E+07    0.00000    
    0.700000       0.579992E+07    0.00000    
    0.900000       0.442834E+07    0.00000    
     1.10000        706329.        0.00000    
     1.30000       0.223433E+07    0.00000    
     1.50000       0.170586E+07    0.00000    
     1.70000       0.700146E+07    0.00000    
     1.90000       0.342147E+07    0.00000    
     2.10000       0.356486E+07    0.00000    
     2.30000       0.364205E+07    0.00000    
     2.50000       0.147650E+07    0.00000    
     2.70000        680504.        0.00000    
     2.90000        916479.        0.00000    
     3.10000       0.290544E+07    0.00000    
     3.30000       0.489584E+07    0.00000    
     3.50000        812090.        0.00000    
     3.70000        603874.        0.00000    
     3.90000        127901.        0.00000    
     4.10000       0.155584E+07    0.00000    
     4.30000        1392.47        0.00000    
     4.50000        5875.11        0.00000    
   PLOT
 SET COLOR WHITE

  BOX 7. 0.75 SIZE 9. 1.5
  SET WINDOW Y 0. TO 2.
  SET TITLE SIZE -1.5
  TITLE 2.8 1.2 "INTGRL = 0.21488E+08   AVGE = 0.14892E+00   RMS = 0.00000E+00"
  TITLE 2.8 0.8 "Entries =      384  U`flow =        0  O`flow =        0"
  SET TITLE SIZE -2
   NEW PLOT

  SET WINDOW Y 2.5 TO 7.
  SET WINDOW X 2.5 TO 10.
  SET SYMBOL 5O SIZE 1.8
  TITLE TOP "Errors: W rapidity                                "
  TITLE BOTTOM "                                                 x"
  TITLE LEFT "                                                 y"
  SET SCALE Y   lin
  (SET TICKS TOP OFF)   
  SET LIMITS X   -6.00000    6.00000
  SET ORDER X Y DY 
   PLOT
 SET COLOR RED
    -4.30000        888.785        0.00000    
    -3.90000        1504.21        0.00000    
    -3.70000        6470.96        0.00000    
    -3.50000        35279.0        0.00000    
    -3.30000        485205.        0.00000    
    -3.10000        192684.        0.00000    
    -2.90000        262956.        0.00000    
    -2.70000       0.101906E+07    0.00000    
    -2.50000        631049.        0.00000    
    -2.30000        735342.        0.00000    
    -2.10000        419340.        0.00000    
    -1.90000        726652.        0.00000    
    -1.70000        628716.        0.00000    
    -1.50000       0.126116E+07    0.00000    
    -1.30000        765259.        0.00000    
    -1.10000        504628.        0.00000    
   -0.900000        321981.        0.00000    
   -0.700000        895233.        0.00000    
   -0.500000        666969.        0.00000    
   -0.300000       0.147368E+07    0.00000    
   -0.100000        951285.        0.00000    
    0.100000        465826.        0.00000    
    0.300000        455463.        0.00000    
    0.500000        513710.        0.00000    
    0.700000       0.119476E+07    0.00000    
    0.900000        897592.        0.00000    
     1.10000        351494.        0.00000    
     1.30000        560006.        0.00000    
     1.50000        357423.        0.00000    
     1.70000       0.140029E+07    0.00000    
     1.90000        867375.        0.00000    
     2.10000        736502.        0.00000    
     2.30000        944447.        0.00000    
     2.50000        496362.        0.00000    
     2.70000        968730.        0.00000    
     2.90000        451862.        0.00000    
     3.10000        753112.        0.00000    
     3.30000       0.108034E+07    0.00000    
     3.50000        298332.        0.00000    
     3.70000        120775.        0.00000    
     3.90000        25580.2        0.00000    
     4.10000        317613.        0.00000    
     4.30000        278.494        0.00000    
     4.50000        1559.27        0.00000    
   PLOT
  SET ORDER X Y DY
 SET COLOR BLUE
    -4.30000        699.306        0.00000    
    -3.90000        922.383        0.00000    
    -3.70000        4159.06        0.00000    
    -3.50000        33471.7        0.00000    
    -3.30000        464395.        0.00000    
    -3.10000        184628.        0.00000    
    -2.90000        252091.        0.00000    
    -2.70000        975615.        0.00000    
    -2.50000        603397.        0.00000    
    -2.30000        700688.        0.00000    
    -2.10000        400820.        0.00000    
    -1.90000        688284.        0.00000    
    -1.70000        597154.        0.00000    
    -1.50000       0.118540E+07    0.00000    
    -1.30000        720549.        0.00000    
    -1.10000        474371.        0.00000    
   -0.900000        301818.        0.00000    
   -0.700000        841177.        0.00000    
   -0.500000        622784.        0.00000    
   -0.300000       0.137419E+07    0.00000    
   -0.100000        887284.        0.00000    
    0.100000        434264.        0.00000    
    0.300000        424509.        0.00000    
    0.500000        480193.        0.00000    
    0.700000       0.111416E+07    0.00000    
    0.900000        841987.        0.00000    
     1.10000        330658.        0.00000    
     1.30000        528662.        0.00000    
     1.50000        339627.        0.00000    
     1.70000       0.133178E+07    0.00000    
     1.90000        827097.        0.00000    
     2.10000        702732.        0.00000    
     2.30000        903794.        0.00000    
     2.50000        473666.        0.00000    
     2.70000        925725.        0.00000    
     2.90000        431872.        0.00000    
     3.10000        720720.        0.00000    
     3.30000       0.102844E+07    0.00000    
     3.50000        283363.        0.00000    
     3.70000        114029.        0.00000    
     3.90000        23783.3        0.00000    
     4.10000        287816.        0.00000    
     4.30000        238.900        0.00000    
     4.50000        1076.06        0.00000    
   PLOT
  SET ORDER X Y DY
    -4.30000        1087.54        0.00000    
    -3.90000        3037.00        0.00000    
    -3.70000        11565.9        0.00000    
    -3.50000        36981.5        0.00000    
    -3.30000        506083.        0.00000    
    -3.10000        200843.        0.00000    
    -2.90000        273683.        0.00000    
    -2.70000       0.106028E+07    0.00000    
    -2.50000        657623.        0.00000    
    -2.30000        767522.        0.00000    
    -2.10000        436497.        0.00000    
    -1.90000        759340.        0.00000    
    -1.70000        655192.        0.00000    
    -1.50000       0.132264E+07    0.00000    
    -1.30000        801228.        0.00000    
    -1.10000        529180.        0.00000    
   -0.900000        338370.        0.00000    
   -0.700000        941220.        0.00000    
   -0.500000        703844.        0.00000    
   -0.300000       0.155769E+07    0.00000    
   -0.100000       0.100605E+07    0.00000    
    0.100000        492757.        0.00000    
    0.300000        481158.        0.00000    
    0.500000        542050.        0.00000    
    0.700000       0.125998E+07    0.00000    
    0.900000        942570.        0.00000    
     1.10000        368442.        0.00000    
     1.30000        585582.        0.00000    
     1.50000        373262.        0.00000    
     1.70000       0.146093E+07    0.00000    
     1.90000        902936.        0.00000    
     2.10000        767072.        0.00000    
     2.30000        982295.        0.00000    
     2.50000        517648.        0.00000    
     2.70000       0.100918E+07    0.00000    
     2.90000        470773.        0.00000    
     3.10000        784736.        0.00000    
     3.30000       0.112882E+07    0.00000    
     3.50000        312446.        0.00000    
     3.70000        127038.        0.00000    
     3.90000        27227.7        0.00000    
     4.10000        349216.        0.00000    
     4.30000        319.080        0.00000    
     4.50000        2101.24        0.00000    
   PLOT
 SET COLOR WHITE

  BOX 7. 0.75 SIZE 9. 1.5
  SET WINDOW Y 0. TO 2.
  SET TITLE SIZE -1.5
  TITLE 2.8 1.2 "INTGRL = 0.50490E+07   AVGE = 0.30711E+00   RMS = 0.00000E+00"
  TITLE 2.8 0.8 "Entries =      480  U`flow =        0  O`flow =        0"
  SET TITLE SIZE -2
   NEW PLOT
